1
0 0 0 0 0 0 0 0 
0 0 0 0 0 0 0 0 
1 0 0 0 0 0 0 0 
0 0 0 0 0 0 0 0 
0 0 0 0 0 0 0 0 
0 0 1 0 0 0 0 0 
0 1 1 0 0 1 0 1 
0 0 1 1 0 0 0 0 

2
0 0 0 0 0 0 0 0
0 0 0 0 0 0 0 0
0 0 0 0 0 0 0 0
0 0 0 0 0 1 0 0
0 0 0 1 0 0 0 0
0 0 0 0 1 0 1 0
0 0 0 0 1 0 1 1
0 0 0 0 0 0 0 1

3
0 0 0 0 0 0 0 0
0 0 0 0 0 0 0 0
1 0 1 0 0 0 0 0
0 0 0 0 0 0 0 0
0 0 0 0 0 0 0 0
0 0 0 0 0 0 0 0
0 0 1 1 0 1 0 0
1 0 1 1 0 0 0 0

4
0 0 2 0 1 1 0 0
0 0 0 0 0 0 0 2
0 0 0 0 0 0 0 0
2 0 0 0 0 0 0 2
1 0 0 0 0 0 2 1
1 0 0 0 0 0 0 1
1 0 0 0 0 0 0 0
0 2 2 0 2 0 1 0

5
1 0 0 0 0 0 1 0
0 0 2 2 2 0 0 0
0 0 2 0 2 0 0 1
0 0 2 2 2 0 0 0
0 0 0 0 0 0 0 0
0 1 0 0 1 0 0 0
1 0 0 1 0 0 0 0
0 0 0 0 0 1 0 0

6
0 0 0 1 0 0 1 0
0 0 0 0 0 2 0 0
0 0 2 2 2 0 0 0
0 0 0 2 2 0 0 0
0 0 2 2 0 0 1 0
0 0 0 0 0 0 1 0
0 0 0 0 1 0 0 0
1 1 0 0 0 0 0 1

7
1 0 0 0 0 0 0 1
0 0 0 0 2 0 0 0
0 0 0 0 0 2 0 0
1 0 0 2 2 2 0 0
1 0 0 2 2 2 0 0
0 0 0 0 0 0 0 0
0 0 0 0 0 0 0 0
1 1 0 0 0 0 1 1

8
2 1 0 0 0 1 1 0
0 2 0 2 0 0 0 0
0 0 0 0 0 0 2 2
0 0 0 0 0 1 0 2
1 0 0 0 0 0 2 1
2 0 0 0 0 0 0 0
0 0 0 0 0 0 0 0
0 0 0 0 0 1 1 0

9
0 0 0 1 1 0 0 1
2 0 2 2 0 0 0 2
1 1 0 0 0 0 0 0
0 0 2 0 0 0 0 0
2 1 0 0 0 0 0 1
0 0 0 0 0 0 2 0
0 0 0 0 0 2 0 0
1 0 0 0 0 0 0 0

10
0 2 1 0 1 2 0 1
0 0 0 0 0 0 0 1
0 0 0 0 0 0 0 2
2 0 0 0 0 0 0 1
2 0 0 0 0 0 0 1
2 0 0 0 0 0 0 2
0 0 0 0 0 0 0 0
1 0 1 0 2 0 0 0

11
0 2 1 1 2 1 0 1
0 0 0 0 0 0 0 1
2 0 0 0 0 0 0 0
0 0 0 0 0 0 2 0
2 0 0 0 0 0 0 1
2 0 0 0 0 2 0 0
1 0 0 0 0 0 0 0
0 0 0 0 1 2 0 0

12
0 0 0 0 2 2 1 0
0 0 0 0 0 0 0 0
2 0 0 1 0 0 0 0
2 2 0 0 1 0 0 1
0 2 0 0 0 0 0 1
0 0 0 0 0 0 0 1
1 0 0 0 0 0 0 0
0 1 0 0 0 2 2 0

13
0 0 1 1 0 1 2 0
0 0 0 0 0 0 0 0
1 0 0 0 0 0 0 2
2 0 0 0 0 0 0 1
0 0 0 0 0 0 0 0
2 0 0 0 0 0 0 0
2 0 0 0 0 0 0 0
1 1 0 2 2 2 1 0

14
0 0 0 0 2 2 2 1
2 0 0 0 0 0 0 1
0 0 0 0 0 0 0 0
2 0 0 0 0 0 0 0
1 0 1 0 0 0 0 0
1 0 0 0 1 1 1 0
2 0 0 0 0 0 0 0
0 2 0 0 0 0 2 0

15
0 0 0 0 0 0 2 0
0 0 0 0 0 0 0 0
0 0 1 2 2 2 0 0
0 0 0 1 1 1 2 0
0 0 0 1 1 2 0 0
0 0 1 0 0 0 0 0
2 0 0 0 0 1 0 0
0 0 0 0 2 0 0 0

16
0 0 0 0 0 0 0 0
0 2 0 2 0 2 0 0
0 0 0 0 0 0 0 0
0 0 0 2 0 0 0 0
0 0 1 1 1 2 0 0
0 0 1 2 1 0 0 0
0 0 1 1 1 0 2 0
0 2 0 0 0 0 0 0

17
0 2 0 0 0 0 0 0
0 1 0 0 0 0 0 0
0 1 1 0 0 0 0 0
0 2 2 0 1 0 0 0
2 0 0 2 1 1 0 0
0 0 0 0 1 1 0 0
0 2 0 0 0 0 2 0
0 0 0 0 0 0 0 2

18
0 0 0 0 0 0 0 0
0 1 0 2 0 0 0 0
0 0 0 0 0 2 0 1
1 0 0 0 0 0 0 0
0 0 0 0 0 2 0 0
0 0 2 0 1 0 0 1
1 0 0 2 0 2 0 1
0 0 1 2 0 0 0 2

19
2 0 0 0 1 0 1 0
0 0 0 0 0 0 0 0
0 2 0 0 0 1 0 2
0 0 0 0 0 1 1 0
0 0 0 1 0 0 2 2
0 0 1 0 2 0 0 0
1 0 0 0 0 0 0 2
0 0 0 0 0 0 2 0

20
0 0 0 0 2 0 0 0
0 0 0 0 0 0 0 0
0 0 0 0 1 0 2 0
1 0 0 0 0 0 0 0
1 1 0 2 2 0 2 1
0 0 0 0 0 0 0 0
1 0 0 0 2 0 1 0
0 0 2 2 0 0 0 1

21
0 0 0 0 2 2 0 0
0 0 0 0 0 0 0 0
2 0 1 0 0 2 0 0
0 0 0 0 0 0 0 0
2 1 0 0 0 0 0 0
2 1 1 0 0 2 0 1
0 0 0 0 0 1 1 2
0 1 0 0 0 0 0 0

22
0 1 1 0 0 0 0 0
0 2 0 0 0 0 0 1
0 0 0 1 0 0 0 0
2 2 0 0 0 0 0 0
0 0 0 0 0 0 0 1
2 0 2 0 0 0 2 2
0 2 0 1 0 0 0 0
0 0 0 0 0 1 0 1

23
2 0 0 0 1 0 0 0
0 0 2 0 0 0 0 0
0 2 0 0 0 1 1 0
0 1 1 0 0 0 0 1
2 2 0 0 0 0 0 0
0 0 2 0 0 0 0 0
0 0 0 0 1 0 0 0
2 2 0 1 0 0 0 0

24
2 2 2 0 0 1 1 0
0 0 0 0 0 2 0 0
0 0 0 0 0 0 0 0
0 2 0 0 0 1 0 0
0 1 0 2 0 0 0 0
0 0 0 0 2 0 0 0
0 2 0 0 0 0 0 0
0 1 1 1 0 0 0 1

25
2 0 0 0 2 1 0 0
0 2 0 0 1 2 0 1
0 0 0 0 0 0 0 0
0 0 0 0 0 0 1 0
0 0 0 2 0 0 0 0
0 0 0 2 0 2 0 0
0 0 0 1 0 1 0 0
2 1 0 0 0 0 1 0

26
2 2 0 0 0 0 0 0
0 0 0 0 3 2 0 0
0 3 0 0 0 0 0 1
0 1 3 1 3 0 0 0
3 1 1 0 0 0 2 1
3 0 1 1 2 0 3 0
0 3 0 0 0 0 0 0
0 0 0 2 2 2 0 0

27
0 0 0 2 2 2 0 0
0 0 0 0 1 0 2 3
0 3 2 1 0 0 1 3
3 3 0 2 0 0 1 0
1 0 1 1 0 0 0 0
0 0 0 3 1 2 0 0
2 0 0 0 0 0 0 0
0 0 3 3 0 0 0 0

28
0 3 0 2 2 2 0 0
1 0 3 2 0 3 0 0
1 0 0 0 0 3 0 0
0 0 0 0 1 3 0 0
0 0 0 0 0 0 0 1
0 2 0 2 2 1 3 0
2 0 3 0 0 0 0 0
1 1 0 0 0 0 3 1

29
1 1 0 0 0 0 3 3
0 0 0 0 0 3 0 0
1 2 0 2 0 0 0 2
0 0 2 2 0 0 0 1
0 3 2 2 0 0 1 1
0 0 0 3 3 0 0 0
0 0 0 2 0 0 3 1
0 3 0 1 0 0 0 0

30
0 3 0 0 0 0 0 0
0 2 0 0 0 0 0 0
0 3 1 0 0 3 2 0
2 1 0 3 0 1 2 0
2 0 0 1 1 0 2 0
2 0 3 1 1 0 2 0
0 0 0 0 1 0 3 0
0 0 3 3 0 0 0 0

31
0 0 0 0 3 3 0 0
0 2 0 1 0 0 0 2
2 0 0 1 0 0 0 0
2 0 0 3 1 2 3 0
2 0 0 1 2 0 1 0
0 1 0 1 0 0 0 0
0 0 0 1 0 0 0 0
0 0 3 1 3 3 0 3

32
0 0 0 0 0 2 2 0
3 0 0 0 0 0 1 1
2 0 3 0 0 1 0 0
0 1 3 2 0 0 1 0
0 0 3 3 0 0 0 3
1 1 0 0 0 0 0 3
0 0 0 0 2 0 1 3
2 2 2 0 0 0 0 0

33
0 0 0 0 0 0 0 0
0 2 0 0 0 0 0 0
0 0 0 0 0 0 2 0
0 0 1 0 0 0 0 2
0 0 0 0 0 0 0 2
0 0 0 1 1 1 0 0
0 0 0 0 0 0 0 0
0 0 0 0 0 0 0 0

34
3 0 3 0 0 0 0 3
0 0 0 0 0 0 3 0
0 0 0 0 0 0 0 0
1 0 0 0 0 0 1 0
0 0 1 0 0 0 0 1
0 0 0 0 0 0 2 0
0 0 0 0 0 0 0 0
2 0 2 0 0 0 0 2

35
2 0 0 0 0 0 0 0 
0 0 0 0 0 0 0 0
0 0 2 0 0 0 0 0
0 0 2 0 0 0 0 0
0 0 0 0 0 0 0 0
0 0 2 0 0 0 0 0
0 0 0 0 0 0 0 0
0 0 0 0 0 0 0 0

36
0 0 2 2 0 0 0 0
0 2 0 0 0 0 0 0
0 0 0 0 0 0 0 0
0 0 0 0 0 0 0 0
1 0 0 1 0 0 2 0
0 0 1 0 0 0 0 0
0 0 0 0 0 0 1 0
0 0 0 0 0 0 0 0

37
2 2 0 0 0 0 0 0 
0 4 0 0 0 4 0 0
0 0 0 0 0 0 0 0
0 1 0 0 1 0 0 0
0 0 0 0 0 0 0 0
0 0 2 2 1 0 0 0
0 0 0 0 1 4 4 0
0 0 0 0 0 0 0 0

38
0 0 0 0 0 0 0 0
0 0 0 0 0 0 0 1
0 0 0 0 0 0 0 1
0 0 0 0 0 0 0 0 
0 1 0 0 0 0 0 0
0 1 0 0 2 2 0 0
0 0 2 2 0 0 0 0
0 0 0 0 0 0 0 0

39
0 0 0 0 0 0 0 0
0 2 0 0 0 0 0 0
2 0 0 0 0 0 0 0 
2 0 0 0 0 0 0 0
0 0 0 2 0 0 0 0
0 0 0 0 0 0 0 0
0 0 0 0 0 0 0 0
0 0 0 0 0 0 0 0

40
0 0 0 0 0 0 0 0
0 0 0 0 0 0 0 0
0 2 0 0 0 0 0 0
0 2 0 0 1 1 0 0
0 0 0 0 1 0 0 0
0 0 0 0 1 2 2 0
0 0 0 0 0 0 0 0
0 0 0 0 0 0 0 0

41
0 0 0 0 0 0 0 0
0 0 0 0 0 0 0 0
0 0 0 0 0 0 0 1
0 2 0 0 0 0 0 0
0 2 0 0 2 0 1 0
0 2 0 0 0 0 0 0
0 1 0 0 0 1 0 0
0 0 0 0 0 0 0 0

42
0 0 0 0 0 0 0 0
0 0 0 0 0 0 0 0
0 0 2 0 1 1 0 0
0 2 0 0 0 0 0 0
0 0 0 0 0 0 0 0
0 0 0 0 0 0 0 0
0 0 0 1 0 0 1 0
0 0 0 0 2 2 0 0

43
0 0 1 0 0 0 0 0
0 0 0 0 0 0 0 0
0 0 0 0 0 0 0 0
0 2 0 2 0 1 0 0
0 0 0 0 0 1 2 2
0 0 0 0 0 0 0 0
0 0 1 0 0 0 0 0
0 0 0 0 0 0 0 0

44
0 0 0 0 0 0 0 0
0 1 0 0 0 0 2 0
0 0 0 0 0 0 0 2
0 0 0 0 0 0 0 0
2 0 1 1 0 0 0 0
0 0 0 0 0 0 0 0
0 0 0 0 1 0 2 0
0 0 0 0 0 0 0 0

45
0 0 0 0 1 0 0 0
0 0 0 0 1 0 0 0
0 0 0 0 0 0 0 0
0 0 0 0 2 2 0 0
0 1 0 0 0 0 0 0
0 1 0 0 0 0 0 0
2 0 0 0 0 0 0 0
2 0 0 0 0 0 0 0

46
0 0 0 0 0 0 0 0
0 0 0 0 0 0 0 0
0 1 0 1 1 2 0 1
0 0 0 0 0 0 0 0
0 0 0 0 0 0 0 0
2 0 0 0 0 0 0 0
2 0 2 0 0 0 0 0
0 0 0 0 0 0 0 0

47
0 0 0 0 0 0 0 0
0 1 0 0 0 0 0 0
0 0 0 0 0 0 0 0
0 2 0 2 1 0 0 0
0 0 0 2 0 0 0 0
0 0 0 0 0 0 0 0
2 1 0 0 0 0 0 0
1 0 0 0 0 0 0 0

48
0 0 0 0 0 0 0 0
0 0 0 0 0 0 0 0
0 0 2 1 0 1 0 0
0 0 0 0 0 1 0 0
0 0 0 0 0 0 0 0
0 0 0 0 0 0 2 0
0 0 2 0 0 0 0 0
0 0 0 2 2 0 0 0

49
0 0 0 0 0 0 0 0
0 2 0 0 0 0 1 0
0 0 2 0 0 0 0 0
2 0 1 0 2 0 0 0
0 0 1 0 0 0 0 0
0 0 0 0 0 0 0 0
0 0 0 0 0 1 0 0
0 0 0 0 0 0 0 0

50
0 2 0 0 0 0 0 1
0 0 0 1 0 1 0 0
0 0 0 0 0 0 0 0
0 0 0 0 0 0 0 0
0 0 0 0 0 0 0 0
0 0 0 2 2 0 0 0
0 1 2 0 0 0 0 0
0 0 0 0 0 0 0 0

51
0 0 0 0 1 0 0 0
0 0 0 0 1 0 0 0
0 0 2 2 0 0 0 0 
0 0 0 0 0 0 0 0
0 0 1 2 2 0 0 1
0 0 0 0 0 0 0 0
0 0 0 0 0 0 0 0
0 0 0 0 0 0 0 0

52
0 0 0 0 0 0 0 0
0 0 0 0 0 0 0 0
0 0 0 0 0 0 0 0
0 0 0 0 0 0 0 0
0 0 0 0 0 0 0 0
0 0 0 0 2 0 0 0
0 0 0 0 0 2 0 2
0 0 0 0 0 0 0 2

53
2 2 0 0 0 0 0 0
0 0 0 0 0 1 1 0
0 0 0 0 0 0 0 0
0 0 0 0 0 0 0 0
0 0 1 1 0 0 2 0
0 0 0 0 0 0 0 0
0 0 0 0 0 0 0 0
0 0 0 0 0 0 2 0

54
0 0 0 0 0 0 0 0
0 0 0 0 0 0 0 0
0 2 0 0 0 0 0 0
0 2 0 0 0 0 0 0
1 1 0 0 0 0 0 1
0 0 0 0 0 0 0 1
0 0 0 0 0 0 2 2 
0 0 0 0 0 0 0 0

55
0 0 0 0 0 0 0 0
0 0 0 0 0 0 2 0
0 0 0 0 0 0 2 0
0 0 1 1 0 0 0 0
0 0 0 1 0 0 0 0
0 0 0 1 0 0 0 0
0 2 0 0 0 0 0 0
0 2 0 0 0 0 0 0

56
0 0 0 0 0 0 0 0
0 2 0 0 0 0 0 0
2 0 0 0 0 0 0 0
0 0 1 0 1 0 2 0
0 0 0 1 0 0 0 0
0 0 1 0 0 0 2 0
0 0 0 0 0 0 0 0
0 0 0 0 0 0 0 0




